2400 11438 11684 1.09488
2500 8522 8786.8 1.1114
2600 6456 6667.94 1.12928
2700 4908 5102.92 1.14845
2800 3746 3936.25 1.16879
2900 2832 3058.96 1.19024
3000 2194 2393.9 1.21271
3100 1676 1885.83 1.23615
3200 1288 1494.89 1.26047
3300 986 1192 1.28564
3400 793 955.816 1.31159
3500 611 770.509 1.33829
3600 469 624.272 1.36568
3700 374 508.226 1.39374
3800 294 415.65 1.42243
3900 236 341.427 1.45172
4000 178 281.63 1.48158
4100 150 233.236 1.51199
4200 114 193.896 1.54292
4300 86 161.783 1.57436
4400 69 135.464 1.60628
4500 57 113.809 1.63867
4600 52 95.9256 1.67151
4700 43 81.1043 1.70479
4800 33 68.7786 1.73849
4900 28 58.4944 1.77261
5000 22 49.8862 1.80713
5100 17 42.6588 1.84204
5200 16 36.5727 1.87733
5300 14 31.433 1.91299
5400 11 27.0807 1.94901
5500 6 23.3851 1.98539
5600 4 20.2392 2.0221
5700 4 17.5545 2.05915
5800 4 15.2578 2.09653
5900 4 13.2884 2.13422
6000 2 11.5959 2.17221
6100 1 10.1382 2.2105
6200 1 8.87995 2.24908
6300 1 7.79165 2.28794
6400 1 6.84844 2.32706
6500 1 6.02939 2.36644
6600 1 5.31679 2.40606
6700 0 4.69567 2.44591
6800 0 4.15331 2.48598
6900 0 3.67889 2.52626
7000 0 3.2632 2.56674
7100 0 2.89835 2.60739
7200 0 2.57763 2.64821
7300 0 2.29523 2.68918
7400 0 2.04621 2.73029
7500 0 1.82628 2.77151
7600 0 1.63178 2.81284
7700 0 1.4595 2.85425
7800 0 1.3067 2.89573
7900 0 1.171 2.93725
8000 0 1.05031 2.97881
