 STMin    ::   Observed Data   ::   Expected Bkg   ::  Shape Unc  
2600 54 50.7784 1.16439
2700 42 43.9878 1.18673
2800 32 33.7303 1.21059
2900 26 26.041 1.23594
3000 22 17.7807 1.26275
3100 18 15.8151 1.29097
3200 14 12.4318 1.3206
3300 10 9.8246 1.35162
3400 8 7.80346 1.38401
3500 8 5.47295 1.41778
3600 7 4.99299 1.45293
3700 5 4.02032 1.48946
3800 3 3.25048 1.5274
3900 3 2.63838 1.56675
4000 3 1.88904 1.60753
4100 1 1.75765 1.64978
4200 1 1.4421 1.69351
4300 1 1.1871 1.73876
4400 1 0.980281 1.78556
4500 1 0.713531 1.83395
4600 1 0.674483 1.88396
4700 1 0.561864 1.93565
4800 1 0.469313 1.98904
4900 1 0.393028 2.04419
5000 1 0.289974 2.10115
5100 1 0.277701 2.15996
5200 1 0.234259 2.22067
5300 1 0.19806 2.28335
5400 0 0.167822 2.34804
5500 0 0.125229 2.4148
5600 0 0.12125 2.48368
5700 0 0.103373 2.55476
5800 0 0.0883016 2.62808
5900 0 0.0755686 2.70371
6000 0 0.0569359 2.7817
6100 0 0.0556451 2.86213
6200 0 0.0478733 2.94505
6300 0 0.0412555 3.03053
6400 0 0.0356099 3.11863
6500 0 0.0270535 3.20941
6600 0 0.0266545 3.30293
6700 0 0.0231124 3.39926
6800 0 0.0200699 3.49845
6900 0 0.0174523 3.60057
7000 0 0.0133547 3.70568
7100 0 0.0132503 3.81382
7200 0 0.011568 3.92506
7300 0 0.0101119 4.03944
7400 0 0.00884977 4.15701
7500 0 0.00681441 4.27783
7600 0 0.00680225 4.40193
7700 0 0.00597368 4.52935
7800 0 0.00525165 4.66012
7900 0 0.00462168 4.79428
8000 0 0.00357785 4.93185
8100 0 0.00349 5.07284
8200 0 0.0031685 5.21727
8300 0 0.00279898 5.36514
8400 0 0.00247466 5.51646
8500 0 0.00192427 5.67121
8600 0 0.00183902 5.82938
8700 0 0.0017183 5.99095
8800 0 0.00152374 6.15588
8900 0 0.00135206 6.32413
9000 0 0.00105492 6.49567
9100 0 0.00101635 6.67041
9200 0 0.000947703 6.84831
9300 0 0.000842599 7.02927
9400 0 0.000749408 7.21322
9500 0 0.00058589 7.40005
9600 0 0.000543238 7.58967
9700 0 0.000527924 7.78195
9800 0 0.000469806 7.97677
9900 0 0.000418047 8.17399
10000 0 0.000326832 8.37347



