2400 13024 13359 1.09486
2500 9720 10046.5 1.11138
2600 7358 7623.88 1.12927
2700 5610 5834.49 1.14844
2800 4265 4500.56 1.16879
2900 3226 3497.51 1.19024
3000 2487 2737.09 1.21271
3100 1910 2156.19 1.23614
3200 1458 1709.2 1.26047
3300 1122 1362.89 1.28563
3400 903 1092.84 1.31159
3500 703 880.972 1.33828
3600 538 713.77 1.36568
3700 436 581.087 1.39374
3800 342 475.239 1.42243
3900 274 390.375 1.45172
4000 204 322.006 1.48158
4100 170 266.673 1.51199
4200 132 221.694 1.54292
4300 99 184.977 1.57436
4400 79 154.884 1.60628
4500 67 130.125 1.63866
4600 58 109.678 1.67151
4700 49 92.7317 1.70479
4800 38 78.639 1.73849
4900 33 66.8804 1.77261
5000 25 57.0381 1.80713
5100 20 48.7745 1.84204
5200 18 41.8159 1.87733
5300 16 35.9394 1.91299
5400 13 30.963 1.94901
5500 7 26.7377 1.98539
5600 5 23.1407 2.0221
5700 5 20.0711 2.05915
5800 4 17.4452 2.09653
5900 4 15.1935 2.13422
6000 2 13.2584 2.17221
6100 1 11.5916 2.2105
6200 1 10.153 2.24908
6300 1 8.90869 2.28794
6400 1 7.83026 2.32706
6500 1 6.89378 2.36644
6600 1 6.07903 2.40606
6700 0 5.36886 2.44591
6800 0 4.74874 2.48598
6900 0 4.20631 2.52626
7000 0 3.73102 2.56674
7100 0 3.31387 2.60739
7200 0 2.94716 2.64821
7300 0 2.62428 2.68918
7400 0 2.33956 2.73029
7500 0 2.08811 2.77151
7600 0 1.86571 2.81284
7700 0 1.66874 2.85425
7800 0 1.49404 2.89573
7900 0 1.33888 2.93725
8000 0 1.20089 2.97881
