2700 3682 3707.93 1.14842
2800 2825 2860.19 1.16877
2900 2113 2222.74 1.19022
3000 1648 1739.48 1.2127
3100 1244 1370.3 1.23614
3200 954 1086.23 1.26047
3300 723 866.147 1.28564
3400 574 694.528 1.3116
3500 446 559.879 1.3383
3600 336 453.619 1.3657
3700 272 369.296 1.39377
3800 212 302.028 1.42247
3900 170 248.095 1.45177
4000 130 204.645 1.48164
4100 112 169.48 1.51206
4200 85 140.895 1.54301
4300 61 117.561 1.57447
4400 48 98.4366 1.60641
4500 37 82.7015 1.63882
4600 36 69.707 1.67169
4700 27 58.9374 1.70501
4800 22 49.9812 1.73875
4900 18 42.5084 1.77291
5000 13 36.2535 1.80748
5100 10 31.0018 1.84244
5200 9 26.5795 1.87779
5300 9 22.8448 1.91352
5400 8 19.6823 1.94962
5500 4 16.997 1.98608
5600 2 14.7111 2.0229
5700 2 12.7603 2.06006
5800 2 11.0914 2.09755
5900 2 9.66044 2.13537
6000 1 8.43064 2.17352
6100 1 7.3714 2.21197
6200 1 6.45712 2.25073
6300 1 5.66633 2.28979
6400 1 4.98097 2.32912
6500 1 4.38582 2.36874
6600 1 3.86803 2.40862
6700 0 3.41671 2.44876
6800 0 3.02261 2.48914
6900 0 2.67788 2.52976
7000 0 2.37583 2.5706
7100 0 2.11072 2.61164
7200 0 1.87767 2.65289
7300 0 1.67248 2.69432
7400 0 1.49153 2.73592
7500 0 1.33173 2.77768
7600 0 1.19039 2.81957
7700 0 1.06521 2.86159
7800 0 0.954185 2.90372
7900 0 0.855578 2.94594
8000 0 0.767886 2.98823
