2700 626 555.633 1.14842
2800 481 428.6 1.16877
2900 371 333.077 1.19022
3000 294 260.661 1.2127
3100 219 205.34 1.23614
3200 167 162.772 1.26047
3300 129 129.792 1.28564
3400 105 104.075 1.3116
3500 78 83.8978 1.3383
3600 64 67.9747 1.3657
3700 55 55.339 1.39377
3800 40 45.2589 1.42247
3900 33 37.177 1.45177
4000 29 30.6661 1.48164
4100 25 25.3966 1.51206
4200 18 21.1131 1.54301
4300 14 17.6165 1.57447
4400 13 14.7507 1.60641
4500 11 12.3928 1.63882
4600 11 10.4456 1.67169
4700 8 8.83177 1.70501
4800 7 7.48968 1.73875
4900 6 6.36988 1.77291
5000 5 5.43258 1.80748
5100 5 4.64562 1.84244
5200 4 3.98293 1.87779
5300 4 3.4233 1.91352
5400 3 2.94939 1.94962
5500 1 2.547 1.98608
5600 0 2.20445 2.0229
5700 0 1.91212 2.06006
5800 0 1.66205 2.09755
5900 0 1.44762 2.13537
6000 0 1.26333 2.17352
6100 0 1.1046 2.21197
6200 0 0.9676 2.25073
6300 0 0.8491 2.28979
6400 0 0.746399 2.32912
6500 0 0.657216 2.36874
6600 0 0.579624 2.40862
6700 0 0.511993 2.44876
6800 0 0.452938 2.48914
6900 0 0.401281 2.52976
7000 0 0.356018 2.5706
7100 0 0.316292 2.61164
7200 0 0.281369 2.65289
7300 0 0.250621 2.69432
7400 0 0.223506 2.73592
7500 0 0.199559 2.77768
7600 0 0.17838 2.81957
7700 0 0.159622 2.86159
7800 0 0.142985 2.90372
7900 0 0.128208 2.94594
8000 0 0.115068 2.98823
