2500 428 394.556 1.11135
2600 328 354.842 1.12925
2700 270 271.558 1.14842
2800 204 209.472 1.16877
2900 165 162.787 1.19023
3000 137 107.494 1.21271
3100 101 90.357 1.23614
3200 71 79.5526 1.26047
3300 52 63.4341 1.28565
3400 40 50.8653 1.31161
3500 31 34.5987 1.33831
3600 27 30.2218 1.36571
3700 22 27.0462 1.39378
3800 16 22.1197 1.42249
3900 15 18.1698 1.45179
4000 12 12.6465 1.48166
4100 10 12.4123 1.51209
4200 8 10.3189 1.54304
4300 8 8.60993 1.5745
4400 7 7.2093 1.60645
4500 6 5.11076 1.63887
4600 6 4.80523 1.67175
4700 4 4.3165 1.70507
4800 4 3.66057 1.73883
4900 4 3.11329 1.773
5000 3 2.24043 1.80758
5100 3 2.07058 1.84256
5200 3 1.9467 1.87793
5300 3 1.67319 1.91368
5400 2 1.44157 1.94981
5500 1 1.05044 1.98629
5600 0 1.00749 2.02313
5700 0 0.934622 2.06032
5800 0 0.812401 2.09786
5900 0 0.7076 2.13572
6000 0 0.521068 2.17391
6100 0 0.509957 2.21241
6200 0 0.472998 2.25122
6300 0 0.415083 2.29034
6400 0 0.364889 2.32974
6500 0 0.271112 2.36943
6600 0 0.263381 2.40939
6700 0 0.250327 2.44961
6800 0 0.221465 2.49009
6900 0 0.196218 2.5308
7000 0 0.146901 2.57175
7100 0 0.141681 2.61292
7200 0 0.137613 2.6543
7300 0 0.122585 2.69586
7400 0 0.109333 2.73761
7500 0 0.0823788 2.77953
7600 0 0.0802785 2.8216
7700 0 0.0781106 2.8638
7800 0 0.0699793 2.90613
7900 0 0.0627577 2.94856
8000 0 0.0475352 2.99108
