2700 2317 2378.3 1.14842
2800 1767 1834.56 1.16877
2900 1337 1425.69 1.19022
3000 1034 1115.72 1.2127
3100 769 878.927 1.23614
3200 578 696.721 1.26047
3300 437 555.555 1.28564
3400 360 445.477 1.3116
3500 271 359.112 1.3383
3600 207 290.956 1.3657
3700 172 236.87 1.39377
3800 137 193.724 1.42247
3900 111 159.131 1.45177
4000 87 131.262 1.48164
4100 76 108.706 1.51206
4200 57 90.3717 1.54301
4300 41 75.405 1.57447
4400 35 63.1382 1.60641
4500 27 53.0456 1.63882
4600 27 44.7108 1.67169
4700 21 37.8031 1.70501
4800 17 32.0585 1.73875
4900 16 27.2653 1.77291
5000 11 23.2533 1.80748
5100 9 19.8849 1.84244
5200 8 17.0483 1.87779
5300 8 14.6529 1.91352
5400 7 12.6244 1.94962
5500 3 10.902 1.98608
5600 1 9.43583 2.0229
5700 1 8.18457 2.06006
5800 1 7.11415 2.09755
5900 1 6.19631 2.13537
6000 0 5.4075 2.17352
6100 0 4.72809 2.21197
6200 0 4.14167 2.25073
6300 0 3.63444 2.28979
6400 0 3.19485 2.32912
6500 0 2.81311 2.36874
6600 0 2.481 2.40862
6700 0 2.19151 2.44876
6800 0 1.93873 2.48914
6900 0 1.71762 2.52976
7000 0 1.52388 2.5706
7100 0 1.35384 2.61164
7200 0 1.20436 2.65289
7300 0 1.07274 2.69432
7400 0 0.956683 2.73592
7500 0 0.854184 2.77768
7600 0 0.76353 2.81957
7700 0 0.683238 2.86159
7800 0 0.612024 2.90372
7900 0 0.548777 2.94594
8000 0 0.49253 2.98823
