 STMin    ::   Observed Data   ::   Expected Bkg   ::  Shape Unc  
2500 167 153.272 1.11136
2600 132 130.851 1.12925
2700 105 100.139 1.14842
2800 83 77.2446 1.16877
2900 64 60.0289 1.19023
3000 55 41.758 1.21271
3100 40 37.0075 1.23614
3200 31 29.3356 1.26047
3300 23 23.3918 1.28565
3400 16 18.757 1.31161
3500 12 13.4405 1.33831
3600 10 12.2508 1.36571
3700 9 9.97352 1.39378
3800 6 8.15683 1.42249
3900 6 6.70027 1.45179
4000 5 4.91275 1.48166
4100 4 4.57715 1.51209
4200 4 3.80516 1.54304
4300 4 3.17498 1.5745
4400 4 2.65849 1.60645
4500 4 1.98536 1.63887
4600 4 1.88259 1.67175
4700 3 1.59174 1.70507
4800 3 1.34987 1.73883
4900 3 1.14805 1.773
5000 3 0.870332 1.80758
5100 3 0.837294 1.84256
5200 3 0.717861 1.87793
5300 3 0.617001 1.91368
5400 2 0.53159 1.94981
5500 1 0.408062 1.98629
5600 0 0.397334 2.02313
5700 0 0.344649 2.06033
5800 0 0.299579 2.09786
5900 0 0.260933 2.13572
6000 0 0.202418 2.17391
6100 0 0.194114 2.21241
6200 0 0.174422 2.25122
6300 0 0.153065 2.29034
6400 0 0.134556 2.32974
6500 0 0.105318 2.36943
6600 0 0.103499 2.40939
6700 0 0.0923102 2.44961
6800 0 0.0816669 2.49009
6900 0 0.072357 2.5308
7000 0 0.0570662 2.57175
7100 0 0.0540398 2.61292
7200 0 0.0507458 2.6543
7300 0 0.0452042 2.69587
7400 0 0.0403174 2.73761
7500 0 0.0320015 2.77953
7600 0 0.0301846 2.8216
7700 0 0.0288039 2.86381
7800 0 0.0258054 2.90613
7900 0 0.0231424 2.94856
8000 0 0.0184659 2.99108
8100 0 0.0176652 3.03367
8200 0 0.0167849 3.07632
8300 0 0.0151064 3.119
8400 0 0.0136062 3.16169
8500 0 0.0109011 3.20439
8600 0 0.010061 3.24706
8700 0 0.0099823 3.28968
8800 0 0.00901375 3.33225
8900 0 0.00814314 3.37473
9000 0 0.00654201 3.41711
9100 0 0.00635411 3.45936
9200 0 0.00601784 3.50147
9300 0 0.00544355 3.54341
9400 0 0.0049247 3.58517
9500 0 0.00396043 3.62672
9600 0 0.00373075 3.66804
9700 0 0.00364593 3.70911
9800 0 0.00329695 3.74991
9900 0 0.0029802 3.79043
10000 0 0.00239329 3.83063
