2700 1265 1231.22 1.14842
2800 963 949.732 1.16877
2900 724 738.063 1.19022
3000 565 577.597 1.2127
3100 430 455.012 1.23614
3200 324 360.685 1.26047
3300 244 287.606 1.28564
3400 197 230.619 1.3116
3500 144 185.909 1.3383
3600 108 150.625 1.3657
3700 92 122.625 1.39377
3800 69 100.289 1.42247
3900 55 82.3804 1.45177
4000 46 67.9528 1.48164
4100 40 56.2762 1.51206
4200 31 46.7845 1.54301
4300 23 39.0364 1.57447
4400 21 32.686 1.60641
4500 16 27.4612 1.63882
4600 16 23.1463 1.67169
4700 12 19.5703 1.70501
4800 10 16.5963 1.73875
4900 9 14.115 1.77291
5000 5 12.038 1.80748
5100 5 10.2942 1.84244
5200 4 8.82576 1.87779
5300 4 7.58567 1.91352
5400 3 6.53553 1.94962
5500 1 5.64388 1.98608
5600 0 4.88484 2.0229
5700 0 4.23707 2.06006
5800 0 3.68293 2.09755
5900 0 3.20777 2.13537
6000 0 2.79941 2.17352
6100 0 2.44769 2.21197
6200 0 2.1441 2.25073
6300 0 1.88152 2.28979
6400 0 1.65394 2.32912
6500 0 1.45632 2.36874
6600 0 1.28439 2.40862
6700 0 1.13452 2.44876
6800 0 1.00366 2.48914
6900 0 0.889196 2.52976
7000 0 0.788898 2.5706
7100 0 0.70087 2.61164
7200 0 0.623485 2.65289
7300 0 0.555349 2.69432
7400 0 0.495265 2.73592
7500 0 0.442203 2.77768
7600 0 0.395272 2.81957
7700 0 0.353705 2.86159
7800 0 0.316839 2.90372
7900 0 0.284096 2.94594
8000 0 0.254978 2.98823
